2024 1.20 修改bug：绘图时有重叠 ，发现是find_start_time 有问题
start 和 end 的列表应该每次update后按照时间顺序进行排序    FJSP_ENV.PY 文件 60 - 64行

同理 再给cmt排序插入时间的时候也有这个问题，会有时间插到cmt的时间之中
解决方法; FJSP_ENV.PY 文件 178-179
绘制甘特图是用 jobs来绘制，和machines没有关系

2024.1.21 在ga.py中添加了四个挡位进行比较   添加main函数 增加记录data的功能
data中收录四个挡位的数据   文件夹命名规范 3_3_3_10 数字从左到右 300 500 800 工件的个数 和 circle循环的次数

2024.1.24 告诉我们txt文件最好用英文 谢谢 中文 gbk utf-8 有问题 读取储存都可能有问题


存储结果：论文第四章结果单次循环得到的结果 染色体和 迭代次数变化的结果:
[8, 5, 5, 8, 5, 4, 4, 8, 0, 6, 6, 8, 1, 3, 0, 4, 3, 2, 1, 0, 7, 2, 6, 6, 3, 5, 2, 1, 4, 7, 1, 3, 0, 7, 7, 2, 1, 0, 1, 1, 1, 0, 1, 0, 0, 0, 0, 0, 0, 1, 0, 1, 0, 0, 0, 0, 1, 1, 0, 0, 1, 1, 2, 0, 0, 1, 2, 1, 0, 0, 1, 0]
[129, 129, 129, 129, 129, 129, 129, 129, 129, 129, 129, 129, 129, 129, 123, 123, 123, 123, 123, 123, 123, 123, 117, 117, 117, 115, 115, 115, 115, 115, 115, 115, 115, 113, 113, 113, 113, 113, 113, 113, 113, 113, 113, 113, 113, 113, 113, 113, 113, 113, 113, 113, 113, 113, 113, 113, 113, 113, 113, 113, 113, 113, 113, 113, 113, 113, 113, 113, 113, 113, 113, 113, 113, 113, 113, 113, 113, 113, 113, 113, 113, 113, 113, 113, 113, 113, 113, 113, 113, 113, 113, 113, 113, 113, 113, 113, 113, 113, 113, 113]
[122.8, 119.3, 119.3, 119.3, 119.3, 119.3, 119.3, 119.3, 119.3, 119.3, 119.3, 119.3, 119.3, 119.3, 119.1, 119.1, 119.1, 119.1, 119.1, 119.1, 119.1, 119.1, 114.89999999999999, 114.89999999999999, 114.89999999999999, 113.5, 113.5, 113.5, 113.5, 113.5, 113.5, 113.5, 113.5, 112.1, 112.1, 112.1, 112.1, 112.1, 112.1, 112.1, 112.1, 112.1, 112.1, 112.1, 112.1, 112.1, 112.1, 112.1, 112.1, 112.1, 112.1, 112.1, 112.1, 112.1, 112.1, 112.1, 112.1, 112.1, 112.1, 112.1, 112.1, 112.1, 112.1, 112.1, 112.1, 112.1, 112.1, 112.1, 112.1, 112.1, 112.1, 112.1, 112.1, 112.1, 112.1, 112.1, 112.1, 112.1, 112.1, 112.1, 112.1, 112.1, 112.1, 112.1, 112.1, 112.1, 112.1, 112.1, 112.1, 112.1, 112.1, 112.1, 112.1, 112.1, 112.1, 112.1, 112.1, 112.1, 112.1, 112.1]
[4, 8, 4, 8, 2, 4, 7, 8, 7, 7, 0, 3, 1, 6, 5, 3, 7, 0, 4, 6, 8, 5, 3, 3, 6, 6, 0, 5, 1, 0, 1, 2, 1, 2, 5, 2, 0, 1, 0, 0, 0, 0, 0, 1, 0, 1, 1, 0, 1, 0, 1, 1, 1, 1, 1, 0, 1, 1, 1, 0, 0, 0, 2, 1, 1, 1, 2, 1, 0, 0, 0, 0]
[127, 129, 129, 129, 129, 129, 129, 129, 123, 123, 123, 123, 123, 123, 123, 117, 117, 117, 117, 115, 115, 115, 115, 115, 115, 115, 115, 115, 115, 115, 115, 115, 115, 115, 115, 115, 115, 115, 115, 115, 115, 115, 115, 115, 115, 115, 115, 115, 115, 115, 115, 115, 115, 115, 115, 115, 115, 111, 111, 111, 111, 111, 111, 111, 111, 111, 111, 111, 111, 111, 111, 111, 111, 111, 111, 111, 111, 111, 111, 111, 111, 111, 111, 111, 111, 111, 111, 111, 111, 111, 111, 111, 111, 111, 111, 111, 111, 111, 111, 111]
[460, 450, 450, 450, 450, 450, 450, 450, 460, 460, 460, 460, 460, 460, 460, 460, 460, 460, 460, 460, 460, 460, 460, 460, 460, 460, 460, 460, 460, 460, 460, 460, 460, 460, 460, 460, 460, 460, 460, 460, 460, 460, 460, 460, 460, 460, 460, 460, 460, 460, 460, 460, 460, 460, 460, 460, 460, 460, 460, 460, 460, 460, 460, 460, 460, 460, 460, 460, 460, 460, 460, 460, 460, 460, 460, 460, 460, 460, 460, 460, 460, 460, 460, 460, 460, 460, 460, 460, 460, 460, 460, 460, 460, 460, 460, 460, 460, 460, 460, 460]
[48, 26, 26, 26, 26, 26, 26, 26, 40, 40, 40, 40, 34, 34, 34, 40, 40, 40, 40, 40, 40, 40, 40, 40, 40, 40, 40, 40, 40, 40, 40, 40, 40, 40, 40, 40, 40, 40, 40, 40, 40, 40, 40, 40, 40, 40, 40, 40, 40, 40, 40, 40, 40, 40, 40, 40, 40, 40, 40, 40, 40, 40, 40, 40, 40, 40, 40, 40, 40, 40, 40, 40, 40, 40, 40, 40, 40, 40, 40, 40, 40, 40, 40, 40, 40, 40, 40, 40, 40, 40, 40, 40, 40, 40, 40, 40, 40, 40, 40, 40]
[123.89999999999999, 119.3, 119.3, 119.3, 119.3, 119.3, 119.3, 119.3, 119.1, 119.1, 119.1, 119.1, 117.6, 117.6, 117.6, 114.89999999999999, 114.89999999999999, 114.89999999999999, 114.89999999999999, 113.5, 113.5, 113.5, 113.5, 113.5, 113.5, 113.5, 113.5, 113.5, 113.5, 113.5, 113.5, 113.5, 113.5, 113.5, 113.5, 113.5, 113.5, 113.5, 113.5, 113.5, 113.5, 113.5, 113.5, 113.5, 113.5, 113.5, 113.5, 113.5, 113.5, 113.5, 113.5, 113.5, 113.5, 113.5, 113.5, 113.5, 113.5, 110.69999999999999, 110.69999999999999, 110.69999999999999, 110.69999999999999, 110.69999999999999, 110.69999999999999, 110.69999999999999, 110.69999999999999, 110.69999999999999, 110.69999999999999, 110.69999999999999, 110.69999999999999, 110.69999999999999, 110.69999999999999, 110.69999999999999, 110.69999999999999, 110.69999999999999, 110.69999999999999, 110.69999999999999, 110.69999999999999, 110.69999999999999, 110.69999999999999, 110.69999999999999, 110.69999999999999, 110.69999999999999, 110.69999999999999, 110.69999999999999, 110.69999999999999, 110.69999999999999, 110.69999999999999, 110.69999999999999, 110.69999999999999, 110.69999999999999, 110.69999999999999, 110.69999999999999, 110.69999999999999, 110.69999999999999, 110.69999999999999, 110.69999999999999, 110.69999999999999, 110.69999999999999, 110.69999999999999, 110.69999999999999]
[365, 480, 70] [111, 450, 22]

[8, 8, 1, 3, 7, 1, 0, 4, 2, 3, 1, 8, 8, 7, 5, 6, 0, 7, 6, 3, 3, 0, 4, 4, 2, 0, 5, 5, 2, 5, 6, 2, 6, 7, 1, 4, 1, 1, 0, 0, 1, 1, 1, 0, 0, 0, 0, 1, 1, 0, 1, 0, 0, 0, 1, 0, 0, 0, 1, 1, 0, 1, 2, 0, 1, 1, 2, 0, 0, 0, 0, 1]
[129, 129, 129, 129, 129, 129, 129, 129, 129, 129, 129, 129, 129, 129, 129, 129, 129, 129, 129, 129, 129, 129, 123, 123, 123, 123, 123, 123, 123, 123, 123, 123, 123, 119, 119, 119, 119, 119, 117, 117, 115, 115, 115, 115, 115, 115, 115, 115, 115, 115, 115, 115, 115, 115, 115, 115, 115, 115, 114, 114, 114, 114, 114, 114, 114, 114, 114, 114, 114, 114, 114, 114, 114, 114, 114, 114, 114, 114, 114, 114, 114, 114, 114, 114, 114, 111, 111, 111, 111, 111, 111, 111, 111, 111, 111, 111, 111, 111, 111, 111]
[450, 450, 450, 450, 450, 450, 450, 450, 450, 450, 450, 450, 450, 450, 450, 450, 450, 450, 450, 450, 450, 450, 460, 460, 460, 460, 460, 460, 460, 460, 460, 460, 460, 460, 460, 460, 460, 460, 460, 460, 460, 460, 460, 460, 460, 460, 460, 460, 460, 460, 460, 460, 460, 460, 460, 460, 460, 460, 460, 460, 460, 460, 460, 460, 460, 460, 460, 460, 460, 460, 460, 460, 460, 460, 460, 460, 460, 460, 460, 460, 460, 460, 460, 460, 460, 460, 460, 460, 460, 460, 460, 460, 460, 460, 460, 460, 460, 460, 460, 460]
[26, 26, 26, 26, 26, 26, 26, 26, 26, 26, 26, 26, 26, 26, 26, 26, 26, 26, 26, 26, 26, 26, 34, 34, 34, 34, 34, 34, 34, 34, 34, 34, 34, 40, 40, 40, 40, 40, 40, 40, 48, 48, 48, 48, 48, 48, 48, 48, 48, 48, 48, 48, 48, 48, 48, 48, 48, 48, 40, 40, 40, 40, 40, 40, 40, 40, 40, 40, 40, 40, 40, 40, 40, 40, 40, 40, 40, 40, 40, 40, 40, 40, 40, 40, 40, 40, 40, 40, 40, 40, 40, 40, 40, 40, 40, 40, 40, 40, 40, 40]